10000 1000.7
20000 539.1
30000 644.9
40000 836.5
50000 489.3
60000 548.2
70000 619.8
80000 700.5
90000 765.9
100000 539.5
110000 651.2
120000 710.8
130000 891.0
140000 1958.8
150000 2067.8
160000 759.7
170000 2091.0
180000 1333.2
190000 1951.3
200000 1254.5
210000 2092.5
220000 2524.3
230000 2216.1
240000 2418.8
250000 2302.9
260000 1919.5
270000 2375.3
280000 2938.6
290000 2418.6
300000 2883.3
310000 2658.3
320000 3293.1
330000 3101.8
340000 4162.3
350000 4013.3
360000 3068.7
370000 3675.8
380000 3471.0
390000 4552.0
400000 4007.8
410000 4699.0
420000 4729.1
430000 3837.5
440000 4641.0
450000 3700.8
460000 4864.4
470000 4463.0
480000 4668.9
490000 5083.0
500000 5204.6
510000 4140.7
520000 4874.9
530000 5287.6
540000 4764.1
550000 5411.9
560000 5216.2
570000 5448.6
580000 4588.8
590000 4819.4
600000 4685.1
610000 4422.0
620000 5014.6
630000 4581.9
640000 5570.5
650000 5328.2
660000 5623.2
670000 5535.4
680000 4786.2
690000 5684.2
700000 4671.3
710000 5577.5
720000 5687.3
730000 5624.8
740000 5787.9
750000 5779.1
760000 5775.2
770000 5798.1
780000 5835.3
790000 4972.1
800000 5716.9
810000 5814.4
820000 5865.4
830000 5832.1
840000 5806.2
850000 5869.7
860000 6032.4
870000 5843.2
880000 5907.5
890000 5968.5
900000 5890.4
910000 5917.2
920000 6033.7
930000 6097.7
940000 5973.8
950000 6048.4
960000 6003.5
970000 6025.0
980000 5715.4
990000 6103.3
1000000 5870.5
