10000 1004.2
20000 104.6
30000 393.3
40000 483.9
50000 702.7
60000 606.8
70000 292.8
80000 403.5
90000 878.7
100000 482.9
110000 842.8
120000 893.2
130000 942.4
140000 1586.0
150000 1339.9
160000 946.1
170000 1773.8
180000 2252.5
190000 2285.2
200000 2195.7
210000 2092.7
220000 2164.1
230000 1932.4
240000 2236.4
250000 1528.6
260000 2210.6
270000 2710.9
280000 1845.1
290000 3303.5
300000 1953.3
310000 3351.8
320000 3401.6
330000 3276.5
340000 2507.3
350000 2843.3
360000 2714.2
370000 4056.1
380000 2939.0
390000 3292.3
400000 3933.6
410000 4266.8
420000 3194.5
430000 3957.5
440000 4625.1
450000 4809.2
460000 3221.1
470000 4645.6
480000 4814.2
490000 4580.8
500000 4345.4
510000 4784.8
520000 4727.9
530000 4140.8
540000 5065.5
550000 3764.7
560000 4194.4
570000 4743.3
580000 4572.9
590000 4633.1
600000 5206.7
610000 5187.1
620000 4515.1
630000 4931.3
640000 4773.3
650000 4371.5
660000 4888.7
670000 5376.8
680000 5060.8
690000 5028.7
700000 4677.5
710000 5494.0
720000 5187.9
730000 5567.1
740000 5538.8
750000 4879.5
760000 4602.3
770000 5202.9
780000 5502.0
790000 5550.2
800000 5419.1
810000 5518.0
820000 5118.2
830000 3948.3
840000 5564.1
850000 5466.5
860000 5255.6
870000 5583.0
880000 5313.3
890000 5621.1
900000 4709.1
910000 5660.6
920000 5058.5
930000 5029.1
940000 5612.4
950000 5792.0
960000 5351.1
970000 5306.0
980000 5684.6
990000 5394.6
1000000 5747.4
