10000 998.6
20000 403.8
30000 757.3
40000 434.1
50000 499.7
60000 726.6
70000 376.7
80000 591.0
90000 652.8
100000 852.9
110000 513.3
120000 801.4
130000 691.9
140000 281.3
150000 1837.4
160000 1433.7
170000 2166.4
180000 1510.3
190000 1704.1
200000 1458.2
210000 1413.8
220000 2021.1
230000 2637.7
240000 1709.6
250000 2957.5
260000 3348.9
270000 3823.6
280000 3466.7
290000 3763.4
300000 3186.5
310000 2818.7
320000 3751.9
330000 2077.0
340000 3238.8
350000 2290.2
360000 4207.8
370000 3799.1
380000 3677.1
390000 2955.7
400000 3450.0
410000 4132.9
420000 3883.7
430000 3843.2
440000 3859.7
450000 4377.4
460000 4855.4
470000 4598.7
480000 4202.8
490000 4211.4
500000 4755.6
510000 4979.2
520000 4501.8
530000 5194.1
540000 5237.7
550000 4948.5
560000 5293.3
570000 4873.5
580000 5304.7
590000 4940.1
600000 5008.7
610000 4881.3
620000 4929.0
630000 5023.8
640000 4993.7
650000 5448.8
660000 4879.1
670000 4820.9
680000 5357.2
690000 5596.5
700000 5660.7
710000 5642.2
720000 5538.4
730000 5596.0
740000 5640.0
750000 5391.6
760000 4265.0
770000 5232.2
780000 5272.8
790000 5185.1
800000 5897.7
810000 5407.4
820000 5630.2
830000 5830.5
840000 5721.8
850000 5657.6
860000 5320.6
870000 5247.9
880000 5930.5
890000 4489.3
900000 5900.6
910000 5964.6
920000 5785.8
930000 5992.0
940000 5187.1
950000 5421.1
960000 5960.5
970000 5920.3
980000 5942.1
990000 5321.3
1000000 5493.3
