10000 995.8
20000 534.4
30000 547.9
40000 651.2
50000 643.3
60000 1059.1
70000 1035.8
80000 1142.8
90000 1401.6
100000 1176.0
110000 1240.7
120000 1402.4
130000 1634.0
140000 1366.4
150000 647.6
160000 2874.3
170000 1963.7
180000 2161.2
190000 3080.6
200000 2767.0
210000 3440.0
220000 4092.8
230000 3555.4
240000 3163.1
250000 4136.3
260000 3379.7
270000 4383.6
280000 4050.0
290000 4778.3
300000 4806.2
310000 4362.7
320000 3675.6
330000 2901.5
340000 4747.0
350000 4289.0
360000 3873.7
370000 4056.6
380000 5037.8
390000 4990.8
400000 3641.6
410000 4777.1
420000 4658.4
430000 5176.4
440000 5243.3
450000 4630.3
460000 5129.4
470000 5484.8
480000 5379.2
490000 5300.9
500000 5194.9
510000 5113.9
520000 5041.9
530000 5527.6
540000 4795.8
550000 4645.2
560000 4652.2
570000 4994.0
580000 5555.5
590000 4962.0
600000 5563.7
610000 5396.7
620000 4802.8
630000 5766.1
640000 5647.9
650000 5326.8
660000 5177.2
670000 5657.8
680000 5272.9
690000 5702.1
700000 4821.8
710000 5589.5
720000 5870.2
730000 5806.2
740000 5359.1
750000 5885.1
760000 5858.9
770000 5927.5
780000 5814.4
790000 5724.9
800000 5943.8
810000 5862.2
820000 5850.8
830000 5317.0
840000 5580.4
850000 5886.3
860000 5826.4
870000 4412.9
880000 5329.5
890000 5942.8
900000 5843.7
910000 5695.9
920000 5994.2
930000 5885.4
940000 5979.9
950000 5540.3
960000 5846.8
970000 6070.6
980000 4716.3
990000 5400.4
1000000 5896.2
