10000 1000.5
20000 530.4
30000 604.5
40000 770.2
50000 645.9
60000 890.4
70000 643.2
80000 895.2
90000 882.7
100000 812.1
110000 695.2
120000 984.4
130000 1008.1
140000 682.6
150000 864.5
160000 718.8
170000 1215.3
180000 720.0
190000 1186.0
200000 1274.3
210000 1826.5
220000 1088.7
230000 1256.4
240000 1412.4
250000 1220.6
260000 1831.8
270000 1680.6
280000 1661.2
290000 1335.7
300000 2266.5
310000 1891.0
320000 1722.6
330000 917.0
340000 1555.2
350000 2437.3
360000 977.3
370000 1851.8
380000 2832.6
390000 2759.6
400000 1760.8
410000 3193.4
420000 3741.1
430000 3854.7
