10000 1004.3
20000 328.5
30000 706.8
40000 628.3
50000 728.3
60000 778.4
70000 601.4
80000 473.9
90000 737.6
100000 709.8
110000 1340.4
120000 1283.2
130000 891.2
140000 1737.0
150000 741.1
160000 972.4
170000 1624.8
180000 1199.0
190000 1566.1
200000 2294.5
210000 1747.5
220000 986.0
230000 1338.8
240000 1568.8
250000 2519.8
260000 2472.6
270000 2156.1
280000 1660.8
290000 2261.6
300000 2681.3
310000 2535.4
320000 1702.3
330000 3003.5
340000 3255.5
350000 1936.9
360000 3076.1
370000 1733.0
380000 1199.7
390000 3147.6
400000 3259.9
410000 3290.3
420000 4202.8
430000 2740.2
440000 3213.0
450000 3332.0
460000 4379.1
470000 3940.8
480000 4161.7
490000 4390.4
500000 4341.3
510000 4794.6
520000 4902.8
530000 4214.5
540000 4584.0
550000 4466.5
560000 3882.5
570000 4194.8
580000 4412.2
590000 4650.1
600000 4717.0
610000 4306.5
620000 4403.7
630000 3612.6
640000 5017.3
650000 5402.7
660000 5088.0
670000 5379.6
680000 5127.5
690000 4972.8
700000 5051.6
710000 5108.4
720000 4967.9
730000 5228.8
740000 4351.5
750000 4561.1
760000 5304.1
770000 5041.8
780000 4857.0
790000 5149.7
800000 5140.5
810000 5504.6
820000 5232.8
830000 4666.5
840000 4876.0
850000 5564.2
860000 5739.1
870000 4420.4
880000 4952.5
890000 5602.9
900000 5163.2
910000 4690.3
920000 5598.1
930000 5197.5
940000 5527.8
950000 5105.5
960000 5656.2
970000 5009.3
980000 4956.8
990000 4553.5
1000000 5671.4
