10000 1002.6
20000 372.7
30000 676.8
40000 367.7
50000 397.4
60000 574.4
70000 731.3
80000 799.7
90000 884.8
100000 831.7
110000 840.4
120000 1322.2
130000 1369.5
140000 1483.9
150000 1983.3
160000 2389.1
170000 1903.0
180000 3413.0
190000 3123.8
200000 3162.5
210000 3536.4
220000 2964.9
230000 3177.9
240000 3912.0
250000 3366.1
260000 4057.2
270000 3811.4
280000 4458.6
290000 4099.4
300000 4332.0
310000 4211.5
320000 3903.8
330000 4143.7
340000 4714.5
350000 4237.1
360000 5008.5
370000 4849.2
380000 4989.9
390000 4877.4
400000 5041.8
410000 4769.8
420000 5201.2
430000 4244.7
440000 5176.3
450000 5399.1
460000 5046.9
470000 5188.4
480000 5432.2
490000 5220.7
500000 5450.4
510000 3810.6
520000 4929.3
530000 5321.5
540000 5664.9
550000 5024.7
560000 5654.4
570000 5652.6
580000 5727.8
590000 5526.4
600000 5743.3
610000 5732.2
620000 5767.6
630000 5497.4
640000 5881.8
650000 5363.3
660000 5813.2
670000 5613.6
680000 5885.0
690000 5968.3
700000 5363.6
710000 6030.6
720000 5930.1
730000 5530.7
740000 6127.8
750000 5912.1
760000 5902.0
770000 5893.5
780000 5460.4
790000 6029.1
800000 6133.3
810000 6104.0
820000 6183.6
830000 5918.1
840000 6133.4
850000 5880.1
860000 6130.0
870000 5801.6
880000 4978.9
890000 6144.2
900000 6151.6
910000 6169.9
920000 5635.4
930000 6233.2
940000 6137.7
950000 6150.6
960000 6206.7
970000 6251.3
980000 6227.2
990000 6315.8
1000000 6228.0
