10000 997.3
20000 343.1
30000 591.5
40000 588.6
50000 692.9
60000 741.3
70000 407.3
80000 664.6
90000 860.4
100000 596.0
110000 554.5
120000 737.3
130000 934.3
140000 538.5
150000 766.7
160000 726.3
170000 1085.3
180000 711.3
190000 1166.4
200000 1370.0
210000 1084.6
220000 1585.1
230000 1072.5
240000 1759.8
250000 2078.9
260000 1517.4
270000 2012.1
280000 2045.7
290000 1626.1
300000 1608.5
310000 1349.9
320000 2327.5
330000 1361.4
340000 2418.8
350000 2146.4
360000 2770.0
370000 2883.6
380000 2861.6
390000 3009.5
400000 3518.9
410000 2681.2
420000 2131.8
430000 2067.2
440000 3385.4
450000 2723.2
460000 3762.1
470000 3264.1
480000 2320.7
490000 3001.7
500000 2989.5
510000 2642.1
520000 3088.9
530000 1858.8
540000 3445.6
550000 3899.9
560000 3069.0
570000 3466.6
580000 3951.8
590000 3719.5
600000 3751.4
610000 3049.9
620000 3607.3
630000 3102.5
640000 3301.2
650000 3807.2
660000 3485.1
670000 3301.4
680000 3573.4
690000 4044.3
700000 4346.3
710000 3777.8
720000 4022.6
730000 3209.8
740000 4284.1
750000 3686.2
760000 3948.0
770000 4798.2
780000 4135.5
790000 3753.1
800000 4565.6
810000 4586.8
820000 4400.5
830000 4863.7
840000 3729.5
850000 4312.0
860000 3766.0
870000 4678.5
880000 4851.0
890000 4319.5
900000 4876.1
910000 4823.5
920000 3921.8
930000 3472.2
940000 221.0
950000 1938.3
960000 4941.3
970000 4704.4
980000 4698.7
990000 5263.9
1000000 5173.5
