10000 999.7
20000 192.0
30000 533.7
40000 506.3
50000 551.0
60000 693.5
70000 551.2
80000 653.0
90000 741.6
100000 735.9
110000 803.3
120000 986.4
130000 1435.9
140000 1637.6
150000 1665.2
160000 2122.2
170000 2294.7
180000 2529.2
190000 2600.8
200000 2889.9
210000 1747.5
220000 2995.2
230000 2822.7
240000 3473.6
250000 3749.4
260000 2306.5
270000 3843.6
280000 3585.5
290000 3791.2
300000 3809.2
310000 3950.6
320000 3422.8
330000 3093.7
340000 4093.3
350000 4012.7
360000 4126.1
370000 4443.3
380000 3335.3
390000 4477.5
400000 4469.5
410000 4439.9
420000 4649.5
430000 4877.5
440000 4129.8
450000 4039.1
460000 4685.9
470000 3923.5
480000 5304.9
490000 3490.5
500000 5444.0
510000 4810.3
520000 5027.0
530000 4887.6
540000 5540.0
550000 4526.6
560000 4662.5
570000 5647.8
580000 5060.5
590000 4602.0
600000 5828.1
610000 5074.8
620000 4986.9
630000 5013.7
640000 5660.8
650000 5298.9
660000 5232.1
670000 5626.5
680000 5572.7
690000 5732.5
700000 5873.8
710000 5641.3
720000 5780.8
730000 5851.5
740000 5767.5
750000 5241.0
760000 5780.7
770000 5506.0
780000 5632.7
790000 5590.9
800000 5426.4
810000 5983.3
820000 5596.7
830000 5665.6
840000 5125.7
850000 5807.6
860000 5855.2
870000 5960.9
880000 5910.4
890000 5480.0
900000 5421.7
910000 6082.4
920000 5380.1
930000 5898.8
940000 6051.3
950000 6099.8
960000 5943.7
970000 5932.4
980000 6086.9
990000 5874.8
1000000 5696.4
