10000 993.5
20000 364.7
30000 725.9
40000 762.7
50000 494.7
60000 535.8
70000 981.2
80000 1046.4
90000 746.3
100000 926.5
110000 1425.6
120000 1413.0
130000 1729.1
140000 2113.4
150000 2174.0
160000 1886.7
170000 2813.2
180000 2584.4
190000 2135.7
200000 2257.4
210000 2456.7
220000 2121.6
230000 2670.4
240000 1742.8
250000 2507.1
260000 3781.6
270000 2843.0
280000 3504.0
290000 3401.6
300000 3748.5
310000 3970.1
320000 3707.0
330000 3447.6
340000 3800.8
350000 4423.5
360000 3114.7
370000 3097.3
380000 4390.6
390000 3503.0
400000 4549.4
410000 4165.9
420000 4594.5
430000 5107.7
440000 4281.2
450000 5089.5
460000 5174.5
470000 5032.5
480000 4187.2
490000 4710.0
500000 4456.1
510000 3645.1
520000 4328.9
530000 5262.4
540000 3904.9
550000 4184.5
560000 5402.1
570000 5521.0
580000 3618.9
590000 5373.7
600000 4687.6
610000 5510.3
620000 5530.7
630000 5355.6
640000 5440.8
650000 4356.8
660000 5434.9
670000 4785.1
680000 5037.6
690000 5674.9
700000 5241.2
710000 5792.8
720000 5398.1
730000 5739.0
740000 5803.8
750000 5705.0
760000 4894.7
770000 4745.3
780000 5573.7
790000 5815.4
800000 5761.7
810000 5890.7
820000 5325.8
830000 5186.3
840000 5877.3
850000 5886.0
860000 5373.3
870000 5464.2
880000 5989.0
890000 5165.1
900000 5926.8
910000 5950.0
920000 5632.2
930000 5222.1
940000 6003.9
950000 5237.6
960000 4789.7
970000 5972.9
980000 5951.0
990000 5992.3
1000000 5089.6
