10000 1001.5
20000 231.2
30000 373.4
40000 495.3
50000 414.4
60000 562.6
70000 682.1
80000 773.6
90000 753.6
100000 906.9
110000 1365.1
120000 960.4
130000 801.1
140000 982.8
150000 2141.7
160000 1314.1
170000 1786.3
180000 2409.5
190000 2117.0
200000 2874.1
210000 3378.6
220000 2147.2
230000 1898.7
240000 1906.1
250000 2981.0
260000 2860.6
270000 3870.3
280000 3316.6
290000 2662.6
300000 3093.5
310000 3732.6
320000 4481.3
330000 2936.8
340000 4325.3
350000 4625.0
360000 3158.1
370000 4107.2
380000 4640.8
390000 4772.8
400000 3996.5
410000 2700.9
420000 2981.8
430000 4232.6
440000 5189.3
450000 3570.6
460000 5020.8
470000 4183.3
480000 4019.7
490000 3511.2
500000 5128.1
510000 4600.6
520000 4736.9
530000 4792.4
540000 4200.7
550000 3784.6
560000 4135.1
570000 5425.1
580000 4920.2
590000 4375.2
600000 4435.6
610000 4978.8
620000 5542.0
630000 4430.3
640000 4976.6
650000 4855.3
660000 5639.1
670000 4986.2
680000 5577.9
690000 5750.6
700000 5601.5
710000 4658.5
720000 5749.6
730000 4921.2
740000 5786.6
750000 5173.7
760000 5798.3
770000 5100.6
780000 5764.5
790000 5357.4
800000 5842.1
810000 5634.5
820000 5676.8
830000 5872.4
840000 5400.3
850000 5831.9
860000 5792.3
870000 5791.3
880000 5865.5
890000 6019.5
900000 5089.1
910000 5595.8
920000 5779.5
930000 5406.8
940000 5831.0
950000 5953.0
960000 5923.1
970000 5435.1
980000 5982.6
990000 5927.6
1000000 5410.1
