10000 997.4
20000 -61.2
30000 542.3
40000 585.0
50000 635.6
60000 680.8
70000 707.0
80000 638.0
90000 692.9
100000 842.4
110000 1215.8
120000 1409.6
130000 2138.8
140000 1277.7
150000 2516.0
160000 3041.9
170000 973.6
180000 2701.5
190000 1928.1
200000 2096.6
210000 3033.7
220000 3250.5
230000 2712.2
240000 3323.1
250000 2948.7
260000 2855.4
270000 2538.7
280000 3153.4
290000 4207.1
300000 4070.2
310000 4403.9
320000 2947.7
330000 4167.4
340000 4774.9
350000 4929.5
360000 4006.9
370000 4247.6
380000 4750.9
390000 4089.0
400000 5046.7
410000 4888.5
420000 3817.3
430000 5039.6
440000 4415.2
450000 4135.6
460000 5401.8
470000 5308.8
480000 4526.4
490000 5072.7
500000 5048.1
510000 5466.6
520000 5256.3
530000 5487.5
540000 5373.0
550000 4573.4
560000 5479.0
570000 5334.1
580000 5583.0
590000 5420.7
600000 5446.5
610000 5175.0
620000 5307.1
630000 4672.5
640000 5719.1
650000 5397.4
660000 5653.4
670000 5798.7
680000 5770.4
690000 5404.3
700000 5205.3
710000 5795.7
720000 5812.8
730000 5988.4
740000 5816.7
750000 5933.7
760000 4756.6
770000 5887.7
780000 4669.1
790000 5893.3
800000 5932.7
810000 5991.9
820000 5280.6
830000 5873.8
840000 5957.2
850000 5954.0
860000 6044.0
870000 5927.4
880000 5747.8
890000 6019.6
900000 5917.9
910000 6088.7
920000 6088.6
930000 5299.4
940000 6025.1
950000 6095.8
960000 6110.5
970000 6158.2
980000 6027.9
990000 5708.8
1000000 6175.1
