10000 1001.3
20000 224.0
30000 820.3
40000 653.4
50000 526.9
60000 689.0
70000 683.6
80000 817.8
90000 711.3
100000 992.8
110000 700.8
120000 1010.5
130000 1218.9
140000 946.6
150000 872.1
160000 827.5
170000 1081.7
180000 1261.9
190000 1700.8
200000 1170.4
210000 1906.8
220000 2030.9
230000 2232.4
240000 2076.1
250000 2080.2
260000 2629.5
270000 2929.5
280000 1862.9
290000 2244.6
300000 2515.4
310000 2245.0
320000 2834.6
330000 3470.0
340000 1989.8
350000 3242.6
360000 3472.3
370000 2929.4
380000 3933.0
390000 3555.5
400000 3415.6
410000 3737.8
420000 3946.3
430000 4413.4
440000 3614.5
450000 4807.4
460000 4261.4
470000 3567.8
480000 4809.6
490000 4519.6
500000 3255.5
510000 5053.7
520000 4681.1
530000 5108.2
540000 4851.1
550000 4916.7
560000 5247.4
570000 5261.2
580000 5007.6
590000 4418.0
600000 5389.1
610000 4386.8
620000 4803.3
630000 4574.5
640000 4899.8
650000 4540.6
660000 5378.1
670000 5291.7
680000 5428.2
690000 4846.1
700000 4183.9
710000 5346.8
720000 4733.2
730000 4845.1
740000 5102.8
750000 4903.9
760000 4681.7
770000 5512.8
780000 5664.0
790000 5602.2
800000 5711.2
810000 5106.1
820000 5346.6
830000 5715.0
840000 5282.3
850000 5498.1
860000 5756.0
870000 5239.2
880000 5154.9
890000 4702.1
900000 5844.4
910000 5514.0
920000 5831.1
930000 5891.8
940000 5791.8
950000 5738.8
960000 5787.3
970000 5988.2
980000 4835.4
990000 5395.2
1000000 5319.5
